File ADT# Time#1       Time#2       Time#3      Ignore
File1 1   0.058017     0.057813     0.057814     0      
File2 1   81.8932     81.2991     81.4401     0      
File3 1   0.041341     0.041277     0.041356     0      
File4 1   53.127     53.0709     52.989     0      
File1 2   0.045435     0.042019     0.041989     0      
File2 2   375.053     375.058     375.068     0      
File3 2   0.057892     0.053756     0.053759     0      
File4 2   187.77     217.723     217.681     0      
File1 3   0.035651     0.035203     0.03484     0      
File2 3   0.033619     0.033464     0.03329     0      
File3 3   0.033577     0.033454     0.033274     0      
File4 3   0.036452     0.036365     0.036112     0      
File1 4   0.049784     0.050085     0.050166     0      
File2 4   0.039752     0.039789     0.039874     0      
File3 4   0.039678     0.039706     0.039739     1e-05      
File4 4   0.042648     0.04272     0.042664     0      
File1 5   0.037488     0.037095     0.036817     0      
File2 5   0.036945     0.036259     0.036021     0      
File3 5   0.038881     0.036885     0.035895     0      
File4 5   0.039816     0.039252     0.038492     0      
File1 6   0.162199     0.165294     0.168392     0      
File2 6   0.12207     0.122418     0.123526     0      
File3 6   0.148016     0.142709     0.14905     0      
File4 6   0.356421     0.376024     0.370858     0      
